0111001000000101
0111010000001010
0001011010010000
0100011000000000
0011100000000000
0111001000000101
0111010000001010
0001011010010000
0100011000000000
0011100000000000
0111001000000101
0111010000001010
0001011010010000
0100011000000000
0011100000000000
0111001000000101
0111010000001010
0001011010010000
0100011000000000
0011100000000000
0111001000000101
0111010000001010
0001011010010000
0100011000000000
0011100000000000
0111001000000101
0111010000001010
0001011010010000
0100011000000000
0011100000000000
0111001000000101
0111010000001010
0001011010010000
0100011000000000
0011100000000000
0111001000000101
0111010000001010
0001011010010000
0100011000000000
0011100000000000
0111001000000101
0111010000001010
0001011010010000
0100011000000000
0011100000000000
0111001000000101
0111010000001010
0001011010010000
0100011000000000
0011100000000000
0111001000000101
0111010000001010
0001011010010000
0100011000000000
0011100000000000
0111001000000101
0111010000001010
0001011010010000
0100011000000000
0011100000000000
0111001000000101
0111010000001010
0001011010010000
0100011000000000
0011100000000000
0111001000000101
0111010000001010
0001011010010000
0100011000000000
0011100000000000
0111001000000101
0111010000001010
0001011010010000
0100011000000000
0011100000000000
0111001000000101
0111010000001010
0001011010010000
0100011000000000
0011100000000000
0111001000000101
0111010000001010
0001011010010000
0100011000000000
0011100000000000
0111001000000101
0111010000001010
0001011010010000
0100011000000000
0011100000000000
0111001000000101
0111010000001010
0001011010010000
0100011000000000
0011100000000000
0111001000000101
0111010000001010
0001011010010000
0100011000000000
0011100000000000
0111001000000101
0111010000001010
0001011010010000
0100011000000000
0011100000000000
0111001000000101
0111010000001010
0001011010010000
0100011000000000
0011100000000000
0111001000000101
0111010000001010
0001011010010000
0100011000000000
0011100000000000
0111001000000101
0111010000001010
0001011010010000
0100011000000000
0011100000000000
1111000000000000